AAtest_data
1.0000000000000 0.0000000000 0 0
  1  2  5 20  6 65 65
  8  1SGG  1SGU  1PXU  1PXG  1PYU  1PYG  1B1G  1AU
  7
  2  3  4
  2  5  6
  2  7  8
  3  5  7
  3  6  8
  4  5  8
  4  6  7
  2  1  2
  1  1
  1  2
  6  1  2  3  4  5  6
  4  3  4  5  6
  2  2  1
  1  1
  1 -1
  1  1  2
  1
  1  6  2
 -1 -1  4  0  0  0
  1  2  3
  1 -1
  6  6  4
  0  0  1  0  0 -1
  0  0  1  0  0  1
  1  0  0  1  0  0
  1  0  0 -1  0  0
  0  1  0  0  1  0
  0  1  0  0 -1  0
  4  6  5
  1  0  0  1  0  0
  1  0  0 -1  0  0
  0  1  0  0  1  0
  0  1  0  0 -1  0
4, 1
402.010000, 0.000000, 0.000279, 0.000000
60.242000, 0.000000, 0.002165, 0.000000
13.732200, 0.000000, 0.011200, 0.000000
3.904510, 0.000000, 0.044899, 0.000000
1, 1
1.282710, 0.000000, 1.000000, 0.000000
1, 1
0.465544, 0.000000, 1.000000, 0.000000
1, 1
0.181120, 0.000000, 1.000000, 0.000000
1, 1
0.072791, 0.000000, 1.000000, 0.000000
1, 1
0.029100, 0.000000, 1.000000, 0.000000
1, 1
0.011600, 0.000000, 1.000000, 0.000000
1, 2
0.800000, 0.000000, 1.000000, 0.000000
1, 2
0.200000, 0.000000, 1.000000, 0.000000
1, 2
0.050000, 0.000000, 1.000000, 0.000000
1, 1
0.029100, 0.000000, 1.000000, 0.000000
1, 1
0.011640, 0.000000, 1.000000, 0.000000
1, 1
0.004656, 0.000000, 1.000000, 0.000000
1, 1
0.001862, 0.000000, 1.000000, 0.000000
1, 3
0.441000, 0.000000, 1.000000, 0.000000
1, 3
0.210000, 0.000000, 1.000000, 0.000000
1, 3
0.100000, 0.000000, 1.000000, 0.000000
1, 3
0.047619, 0.000000, 1.000000, 0.000000
1, 3
0.022676, 0.000000, 1.000000, 0.000000
1, 3
0.010798, 0.000000, 1.000000, 0.000000
  H10  2 1.0
0.00000         0.00000         1.00000
0.00000         0.00000         -1.00000
  2  1
 1 1
 2 1
 3 1
 4 1
 5 1
 6 4
 7 4
 8 5
 9 6
 10 6
CEN10  1 0.0
0.00000         0.00000         0.00000
 11 2
 12 2
 13 2
 14 2
 15 3
 16 3
 17 3
 18 3
 19 3
 20 3
